51666047
49262934
53865827
63800895
65760428
27952704
49320062
59272608
46300728
46299411
69593219
31917017
56938063
58493916
58434337
69093599
20269692
25967910
61168997
65790646
64629839
27211569
48173042
41215941
27313490
69964207
46054567
50147054
56821629
27725730
19466505
32650325
43390686
51557558
36512164
54779554
47675797
24343087
71791348
24965592
53869082
20581935
61424865
41960467
68759191
66914928
33059765
51523492
42240922
31374931
34790607
64140480
32349733
68983652
19327621
56729317
45793167
30836532
60560307
39762597
65199709
37155690
28958917
36472437
50114331
43625582
59665064
59277341
23464040
62273121
22202255
39594573
34616396
20153025
39945811
43977977
24517491
25087869
19001639
22230126
61685748
29188153
49241556
67114371
50906938
21828422
40348685
23637863
24173785
45175861
50586767
39440390
22637554
21322071
31832320
47611314
72387
42912195
43322909
20968726
59364348
35004630
25108474
59723924
20112539
21975512
65629559
22325968
66259891
36079762
38789047
35048945
58542109
67223118
24707857
35804917
70652769
39486160
55926048
28990186
46401448
47834100
29569341
50886594
59881650
46830114
64359138
40854652
50345357
50701968
61012042
36370631
25937574
47037313
27391319
33983228
61235250
36981400
60553103
30176431
34829472
35225788
72701180
48402485
64479749
23246994
29263294
20248036
19361411
28329181
45355131
48214231
45805322
43143741
45086983
325507
31794229
26332049
43539777
22930801
50914466
20228368
21410380
50614636
23208940
31683997
22602504
21733211
52441684
32783468
35615126
58767973
21775106
29614469
25935890
66441017
59422183
46610690
26574958
19717565
67300009
37589281
51487074
37146378
69943354
38970505
64430061
68870026
22687208
37103023
21016716
23915580
29272607
48205968
53000031
38810814
53026157
55380643
22828296
30192782
28440634
37030599
40887213
31588488
34726255
45548231
63949525
45451655
26141993
47655993
20446780
32917095
49064229
30772006
65838
55396997
47791696
45174752
29702634
47572925
20171554
19969469
53220329
50782654
26708953
35783907
47129800
26115629
47984591
29460245
21829445
53024054
37030376
34228518
23362610
64883410
29536885
24754459
26736462
54269656
45501070
24351012
31440411
64823027
30069960
24384474
31565722
65640407
20695821
26525069
28542332
46542170
68740781
23066301
53026208
59768721
52394519
60245703
24459501
21317328
38783220
20141926
52159571
26409460
39058284
47250910
22629165
64200310
21477907
33997147
55385131
39859511
63510523
35740255
59643439
62514435
46810936
20545239
23585222
34977184
34821427
38778300
59751763
36755027
60653513
34232450
30890777
36061665
19116948
25021570
19921286
67133975
29576049
28868504
39059238
68711245
21089399
20887357
69891915
57559728
59273144
61529881
69752077
61653521
44392139
51684684
70040365
71100146
58230659
67759918
49022671
36615541
73169834
23760191
38274996
40699521
21124803
43664752
35462771
23245889
62661548
20112249
42911077
47429322
41258646
60231237
32509037
52896949
37523099
50505659
28500195
19910102
42981290
39803780
21442428
64876584
36763975
21031375
39157944
40793735
45030167
37373232
52710278
50914274
23830501
36562888
27742175
54412886
26873544
60668669
22110626
52780573
35714203
44565521
19735444
53428291
25922003
48584621
64756684
22861656
68851284
35543931
45149722
63503643
34175349
35202235
62521820
46207081
21082634
62022442
44857152
52521311
71181236
69333259
382024
59750294
60667309
38345053
27385530
72839362
45081329
47608785
53591129
60225696
20124184
43144644
41211397
37259063
52873519
31785461
67769478
40397659
22106976
47689794
65569954
20480288
23435883
19434416
25934472
36460848
32305987
43111326
51114383
70019141
30973204
36950232
20924870
50666277
67620965
25734535
28779523
41317883
53849784
54935793
34921963
24191073
42712768
56849765
48144865
30681530
27475468
64320828
32185848
28816641
51982928
50334485
66429235
61904001
47703571
22272154
59764462
37827150
47329427
31506094
28771641
70212386
38582324
21268396
50470954
22746285
28342722
68310781
59796268
39803111
47006742
47080762
45462848
22981467
28443086
28946389
34293529
47960130
20430840
39202464
50749229
32719963
34925666
24152024
23036823
28873134
48553421
50069917
22751985
69479353
59431592
51100648
20988787
19877783
34040375
47107998
72069759
32762529
29732534
22574032
48217123
46030421
39968316
34281296
30212114
34974538
31290505
31317995
61708967
69360593
71322087
19153178
19569954
20547774
30372539
43207687
54820922
67109209
44303150
66582493
67939909
55525562
61393543
22634403
39721001
64986210
